grating_pitch   = 1.3127232902721957
grating_depth   = 0.3861233812712613
box1_width      = 0.40997533996747487
box2_width      = 0.12822567466284043
box_centre_dist = 0.40464761002190325
box1_eps        = 5.5210236552543535
box2_eps        = 8.103658227641992
gaussian_width  = 33.67457616750335
substrate_depth = 1.0141857994335908
substrate_eps   = 6.627190599539882

FoM recorded:     0.00015703477867797262
FoM converged (Nx=10000, nG=50, Qabs=inf): 0.0001571735396641219