grating_pitch   = 1.2898185725261953
grating_depth   = 0.27967472209243727
box1_width      = 0.19199992807028438
box2_width      = 0.42489675687606787
box_centre_dist = 0.4161594009810949
box1_eps        = 8.61701716450357
box2_eps        = 2.836017193935023
gaussian_width  = 36.816409854363236
substrate_depth = 0.3133961688650704
substrate_eps   = 10.179422597675503

FoM recorded:     7.280556960210431e-05
FoM converged (Nx=10000, nG=50, Qabs=inf): 7.263223973698615e-05