grating_pitch   = 1.4448460868780606
grating_depth   = 2.0643298724749126
box1_width      = 0.7418355927658334
box2_width      = 0.6154206329992875
box_centre_dist = 0.32392145077748286
box1_eps        = 4.56512120699494
box2_eps        = 4.228855153129463
gaussian_width  = 14.228774249456437
substrate_depth = 0.01
substrate_eps   = 3.7022541961011903

FoM recorded:     0.00016174485553728104
FoM converged (Nx=10000, nG=50, Qabs=np.inf): 0.00016197627113147625